0 0
35 35
70 70
105 105
140 140
175 175
210 210
245 245
280 280
315 315
350 350
385 385
420 420
455 455
490 490
525 525
560 560
595 595
630 630
665 665
700 700
735 735
770 770
805 805
840 840
875 875
910 910
945 945
980 980
1015 1015
1050 1050
1085 1085
1120 1120
1155 1155
1190 1190
1225 1225
1260 1260
1295 1295
1330 1330
1365 1365
1400 1400
1435 1435
1470 1470
1505 1505
1540 1540
1575 1575
1610 1610
1645 1645
1680 1680
1715 1715
1750 1750
1785 1785
1820 1820
1855 1855
1890 1890
1925 1925
1960 1960
1995 1995
2030 2030
2065 2065
2100 2100
2135 2135
2170 2170
2205 2205
2240 2240
2275 2275
2310 2310
2345 2345
2380 2380
2415 2415
2450 2450
2485 2485
2520 2520
2555 2555
2590 2590
2625 2625
2660 2660
2695 2695
2730 2730
2765 2765
2800 2800
2835 2835
2870 2870
2905 2905
2940 2940
2975 2975
3010 3010
3045 3045
3080 3080
3115 3115
3150 3150
3185 3185
3220 3220
3255 3255
3290 3290
3325 3325
3360 3360
3395 3395
3430 3430
3465 3465
3500 3500
3535 3535
3570 3570
3605 3605
3640 3640
3675 3675
3710 3710
3745 3745
3780 3780
3815 3815
3850 3850
3885 3885
3920 3920
3955 3955
3990 3990
4025 4025
4060 4060
4095 4095
4130 4130
4165 4165
4200 4200
4235 4235
4270 4270
4305 4305
4340 4340
4375 4375
4410 4410
4445 4445
4480 4480
4515 4515
4550 4550
4585 4585
4620 4620
4655 4655
4690 4690
4725 4725
4760 4760
4795 4795
4830 4830
4865 4865
4900 4900
4935 4935
4970 4970
5005 5005
5040 5040
5075 5075
5110 5110
5145 5145
5180 5180
5215 5215
5250 5250
5285 5285
5320 5320
5355 5355
5390 5390
5425 5425
5460 5460
5495 5495
5530 5530
5565 5565
5600 5600
5635 5635
5670 5670
5705 5705
5740 5740
5775 5775
5810 5810
5845 5845
5880 5880
5915 5915
5950 5950
5985 5985
6020 6020
6055 6055
6090 6090
6125 6125
6160 6160
6195 6195
6230 6230
6265 6265
6300 6300
6335 6335
6370 6370
6405 6405
6440 6440
6475 6475
6510 6510
6545 6545
6580 6580
6615 6615
6650 6650
6685 6685
6720 6720
6755 6755
6790 6790
6825 6825
6860 6860
6895 6895
6930 6930
6965 6965
7000 7000
7035 7035
7070 7070
7105 7105
7140 7140
7175 7175
7210 7210
7245 7245
7280 7280
7315 7315
7350 7350
7385 7385
7420 7420
7455 7455
7490 7490
7525 7525
7560 7560
7595 7595
7630 7630
7665 7665
7700 7700
7735 7735
7770 7770
7805 7805
7840 7840
7875 7875
7910 7910
7945 7945
7980 7980
8015 8015
8050 8050
8085 8085
8120 8120
8155 8155
8190 8190
8225 8225
8260 8260
8295 8295
8330 8330
8365 8365
8400 8400
8435 8435
8470 8470
8505 8505
8540 8540
8575 8575
8610 8610
8645 8645
8680 8680
8715 8715
8750 8750
8785 8785
8820 8820
8855 8855
8890 8890
8925 8925
8960 8960
8995 8995
9030 9030
9065 9065
9100 9100
9135 9135
9170 9170
9205 9205
9240 9240
9275 9275
9310 9310
9345 9345
9380 9380
9415 9415
9450 9450
9485 9485
9520 9520
9555 9555
9590 9590
9625 9625
9660 9660
9695 9695
9730 9730
9765 9765
9800 9800
9835 9835
9870 9870
9905 9905
9940 9940
9975 9975
35 -35
70 -70
105 -105
140 -140
175 -175
210 -210
245 -245
280 -280
315 -315
350 -350
385 -385
420 -420
455 -455
490 -490
525 -525
560 -560
595 -595
630 -630
665 -665
700 -700
735 -735
770 -770
805 -805
840 -840
875 -875
910 -910
945 -945
980 -980
1015 -1015
1050 -1050
1085 -1085
1120 -1120
1155 -1155
1190 -1190
1225 -1225
1260 -1260
1295 -1295
1330 -1330
1365 -1365
1400 -1400
1435 -1435
1470 -1470
1505 -1505
1540 -1540
1575 -1575
1610 -1610
1645 -1645
1680 -1680
1715 -1715
1750 -1750
1785 -1785
1820 -1820
1855 -1855
1890 -1890
1925 -1925
1960 -1960
1995 -1995
2030 -2030
2065 -2065
2100 -2100
2135 -2135
2170 -2170
2205 -2205
2240 -2240
2275 -2275
2310 -2310
2345 -2345
2380 -2380
2415 -2415
2450 -2450
2485 -2485
2520 -2520
2555 -2555
2590 -2590
2625 -2625
2660 -2660
2695 -2695
2730 -2730
2765 -2765
2800 -2800
2835 -2835
2870 -2870
2905 -2905
2940 -2940
2975 -2975
3010 -3010
3045 -3045
3080 -3080
3115 -3115
3150 -3150
3185 -3185
3220 -3220
3255 -3255
3290 -3290
3325 -3325
3360 -3360
3395 -3395
3430 -3430
3465 -3465
3500 -3500
3535 -3535
3570 -3570
3605 -3605
3640 -3640
3675 -3675
3710 -3710
3745 -3745
3780 -3780
3815 -3815
3850 -3850
3885 -3885
3920 -3920
3955 -3955
3990 -3990
4025 -4025
4060 -4060
4095 -4095
4130 -4130
4165 -4165
4200 -4200
4235 -4235
4270 -4270
4305 -4305
4340 -4340
4375 -4375
4410 -4410
4445 -4445
4480 -4480
4515 -4515
4550 -4550
4585 -4585
4620 -4620
4655 -4655
4690 -4690
4725 -4725
4760 -4760
4795 -4795
4830 -4830
4865 -4865
4900 -4900
4935 -4935
4970 -4970
5005 -5005
5040 -5040
5075 -5075
5110 -5110
5145 -5145
5180 -5180
5215 -5215
5250 -5250
5285 -5285
5320 -5320
5355 -5355
5390 -5390
5425 -5425
5460 -5460
5495 -5495
5530 -5530
5565 -5565
5600 -5600
5635 -5635
5670 -5670
5705 -5705
5740 -5740
5775 -5775
5810 -5810
5845 -5845
5880 -5880
5915 -5915
5950 -5950
5985 -5985
6020 -6020
6055 -6055
6090 -6090
6125 -6125
6160 -6160
6195 -6195
6230 -6230
6265 -6265
6300 -6300
6335 -6335
6370 -6370
6405 -6405
6440 -6440
6475 -6475
6510 -6510
6545 -6545
6580 -6580
6615 -6615
6650 -6650
6685 -6685
6720 -6720
6755 -6755
6790 -6790
6825 -6825
6860 -6860
6895 -6895
6930 -6930
6965 -6965
7000 -7000
7035 -7035
7070 -7070
7105 -7105
7140 -7140
7175 -7175
7210 -7210
7245 -7245
7280 -7280
7315 -7315
7350 -7350
7385 -7385
7420 -7420
7455 -7455
7490 -7490
7525 -7525
7560 -7560
7595 -7595
7630 -7630
7665 -7665
7700 -7700
7735 -7735
7770 -7770
7805 -7805
7840 -7840
7875 -7875
7910 -7910
7945 -7945
7980 -7980
8015 -8015
8050 -8050
8085 -8085
8120 -8120
8155 -8155
8190 -8190
8225 -8225
8260 -8260
8295 -8295
8330 -8330
8365 -8365
8400 -8400
8435 -8435
8470 -8470
8505 -8505
8540 -8540
8575 -8575
8610 -8610
8645 -8645
8680 -8680
8715 -8715
8750 -8750
8785 -8785
8820 -8820
8855 -8855
8890 -8890
8925 -8925
8960 -8960
8995 -8995
9030 -9030
9065 -9065
9100 -9100
9135 -9135
9170 -9170
9205 -9205
9240 -9240
9275 -9275
9310 -9310
9345 -9345
9380 -9380
9415 -9415
9450 -9450
9485 -9485
9520 -9520
9555 -9555
9590 -9590
9625 -9625
9660 -9660
9695 -9695
9730 -9730
9765 -9765
9800 -9800
9835 -9835
9870 -9870
9905 -9905
9940 -9940
9975 -9975
10000 10000